        1000  0.83888600000000002       0.83739799999999998     
        2000   3.5607879999999996        3.5581189999999996     
        3000   8.1191170000000010        8.1158780000000004     
        4000   13.879057000000000        13.874426000000000     
        5000   21.533577999999999        21.528330000000000     
        6000   32.489982000000005        32.483369000000003     
        7000   42.454798999999994        42.447404999999996     
        8000   54.971209999999999        54.961486999999998     
        9000   73.007817000000003        72.994821000000002     
       10000   88.921009999999995        88.907429000000008     
