        1000  0.85876399999999997       0.85631299999999999             3357
        2000   3.4816650000000000        3.4791619999999996             6776
        3000   8.4872600000000009        8.4839719999999996            10659
        4000   13.524482000000001        13.519316000000000            13618
        5000   19.823484000000001        19.816834999999998            17065
        6000   30.786519000000002        30.779695999999998            21328
        7000   41.228949000000000        41.221952999999999            23944
        8000   52.946335999999995        52.938276999999999            27346
        9000   73.804787000000005        73.793367000000003            32046
       10000   83.657639000000003        83.645131000000006            34291
