        1000  0.37917599999999996       0.37716600000000000             3357
        2000   1.6097419999999998        1.6073089999999999             6776
        3000   3.5067279999999998        3.5025900000000001            10659
        4000   5.4422430000000004        5.4381409999999999            13618
        5000   8.4824790000000014        8.4762579999999996            17065
        6000   13.467723000000001        13.458511000000000            21328
        7000   18.395904999999999        18.388968999999999            23944
        8000   21.619755000000001        21.611550000000001            27346
        9000   29.729041000000002        29.720441999999998            32046
       10000   35.025537000000000        35.012219000000002            34291
