        1000  0.33657399999999998       0.33526199999999995     
        2000   1.3541510000000001        1.3516870000000001     
        3000   2.9634170000000002        2.9598079999999998     
        4000   5.1740500000000003        5.1698709999999997     
        5000   9.3143530000000005        9.3076960000000000     
        6000   12.844154999999999        12.837968000000000     
        7000   16.850820000000002        16.842046999999997     
        8000   22.470261000000001        22.461326000000000     
        9000   28.751109000000000        28.742248000000000     
       10000   32.791263999999998        32.781744999999994     
